0.420094 0.197191 0.617285
0.39155 0.39922 0.79077
0.455824 0.0987757 0.554599
0.167611 0.384115 0.551726
0.138887 0.276985 0.415872
0.238699 0.314435 0.553134
0.182392 0.2567 0.439093
0.476115 0.458098 0.934212
0.317856 0.358648 0.676504
0.0708013 0.303484 0.374286
0.00815029 0.121443 0.129594
0.0686158 0.402088 0.470704
0.0783395 0.200472 0.278812
0.0648952 0.0544044 0.1193
0.499462 0.109128 0.608591
0.256466 0.419556 0.676022
0.30632 0.148016 0.454336
0.318776 0.262144 0.58092
0.246791 0.486388 0.733179
0.146258 0.385679 0.531937
0.263372 0.384957 0.648329
0.200114 0.445765 0.645879
0.141657 0.176229 0.317887
0.403862 0.459513 0.863375
0.0348776 0.474664 0.509541
0.262998 0.0430279 0.306026
0.0961069 0.331613 0.42772
0.445116 0.174446 0.619563
0.0320857 0.0100115 0.0420972
0.228851 0.0315479 0.260399
0.11914 0.485317 0.604457
0.451104 0.42546 0.876564
0.133333 0.26988 0.403213
0.187603 0.380124 0.567728
0.256268 0.333862 0.59013
0.265803 0.0196402 0.285443
0.218819 0.465918 0.684736
0.465405 0.360476 0.825881
0.142147 0.369267 0.511414
0.319989 0.177024 0.497014
0.343931 0.0829871 0.426918
0.220052 0.440038 0.66009
0.414601 0.165169 0.579769
0.114484 0.446686 0.56117
0.17518 0.343335 0.518515
0.478234 0.29432 0.772554
0.328652 0.429338 0.75799
0.21978 0.461985 0.681765
0.199218 0.407383 0.606602
0.342109 0.455486 0.797595
0.241245 0.107912 0.349158
0.475126 0.460064 0.93519
0.07383 0.440531 0.514361
0.32054 0.215977 0.536517
0.309798 0.14053 0.450328
0.393001 0.153729 0.54673
0.223517 0.113053 0.33657
0.0937666 0.138117 0.231884
0.278222 0.208251 0.486473
0.0848035 0.453402 0.538206
0.0515856 0.0630377 0.114623
0.247722 0.380238 0.62796
0.492376 0.467502 0.959878
0.342223 0.191594 0.533817
0.374885 0.184332 0.559217
0.14708 0.116131 0.263211
0.292244 0.122206 0.414451
0.0761949 0.366074 0.442269
0.0627375 0.396735 0.459473
0.082051 0.372536 0.454587
0.0372649 0.475052 0.512317
0.0262646 0.260782 0.287046
0.0881053 0.120031 0.208137
0.398899 0.366327 0.765226
0.328282 0.483703 0.811984
0.319729 0.379867 0.699597
0.0467402 0.0674512 0.114191
0.260105 0.0391161 0.299221
0.0349532 0.102328 0.137281
0.23071 0.409839 0.640549
0.286659 0.37779 0.66445
0.0259694 0.0789036 0.104873
0.499997 0.102164 0.602161
0.444978 0.0627342 0.507712
0.498899 0.0270288 0.525928
0.43527 0.0361644 0.471434
0.0020808 0.461535 0.463615
0.296946 0.0901861 0.387132
0.0815657 0.195845 0.277411
0.456513 0.409848 0.866361
0.179548 0.276243 0.45579
0.289715 0.226288 0.516003
0.343694 0.04982 0.393514
0.265404 0.378647 0.644051
0.152148 0.496114 0.648262
0.288486 0.438807 0.727292
0.373905 0.314455 0.68836
0.0177105 0.373901 0.391612
0.416619 0.462688 0.879308
0.436636 0.415519 0.852154
0.489717 0.371906 0.861623
0.451683 0.491798 0.943481
0.33344 0.248629 0.582069
0.081984 0.415006 0.49699
0.444474 0.0384973 0.482972
0.324853 0.124022 0.448876
0.31474 0.114568 0.429308
0.35031 0.158434 0.508744
0.164389 0.115714 0.280102
0.0370805 0.316536 0.353617
0.111828 0.325566 0.437394
0.255343 0.485733 0.741076
0.140021 0.273053 0.413074
0.359634 0.0566403 0.416275
0.235742 0.29627 0.532012
0.472159 0.225459 0.697618
0.168176 0.423842 0.592018
0.217257 0.00161573 0.218872
0.172471 0.299241 0.471712
0.416622 0.116946 0.533567
0.337738 0.241475 0.579213
0.240968 0.152478 0.393446
0.356044 0.0912779 0.447322
0.310911 0.0204322 0.331344
0.206992 0.347992 0.554984
0.336968 0.31882 0.655788
0.173558 0.0923112 0.265869
0.304553 0.313579 0.618132
0.365365 0.164187 0.529552
0.370219 0.101106 0.471326
0.460457 0.342378 0.802835
0.326565 0.128633 0.455198
0.26622 0.0438218 0.310042
0.130248 0.438692 0.56894
0.343062 0.0468701 0.389933
0.0556378 0.1808 0.236438
0.288345 0.296606 0.584951
0.333278 0.144389 0.477667
0.387884 0.14419 0.532073
0.164821 0.0948755 0.259697
0.492182 0.00178929 0.493971
0.413696 0.16574 0.579435
0.0941005 0.218248 0.312349
0.479318 0.459465 0.938784
0.382436 0.349538 0.731973
0.0605716 0.342893 0.403464
0.191916 0.387137 0.579053
0.471526 0.458136 0.929662
0.430959 0.101774 0.532733
0.396828 0.274021 0.670849
0.148644 0.452466 0.60111
0.454821 0.436989 0.891811
0.249072 0.2881 0.537172
0.0813784 0.136956 0.218334
0.432289 0.246199 0.678489
0.231831 0.424471 0.656302
0.247989 0.145527 0.393515
0.0902106 0.342089 0.4323
0.363775 0.0695291 0.433304
0.301554 0.246211 0.547765
0.419067 0.362126 0.781193
0.0891038 0.110983 0.200087
0.249263 0.0606294 0.309892
0.0691192 0.180221 0.249341
0.162404 0.465948 0.628351
0.454242 0.311048 0.76529
0.418414 0.409064 0.827478
0.248037 0.167486 0.415523
0.197164 0.329416 0.526579
0.304441 0.129453 0.433894
0.075615 0.0362725 0.111887
0.0539241 0.323604 0.377528
0.181799 0.144135 0.325934
0.165693 0.0455743 0.211267
0.213664 0.467247 0.680911
0.291785 0.132731 0.424516
0.329373 0.380889 0.710262
0.243713 0.0786361 0.322349
0.441518 0.312833 0.754351
0.258857 0.103922 0.362779
0.27878 0.2131 0.49188
0.41497 0.197194 0.612164
0.122163 0.163007 0.28517
0.36468 0.319327 0.684007
0.492422 0.169121 0.661544
0.44878 0.0680373 0.516817
0.205394 0.00270427 0.208098
0.391641 0.387193 0.778834
0.146839 0.0573339 0.204173
0.432767 0.360503 0.79327
0.0245812 0.224553 0.249134
0.493234 0.353955 0.847188
0.105441 0.236947 0.342388
0.432591 0.0469598 0.47955
0.0497796 0.191448 0.241228
0.150882 0.32856 0.479442
0.404548 0.0658511 0.470399
0.0257541 0.0267111 0.0524653
0.228858 0.390434 0.619292
0.346038 0.22128 0.567318
0.0595556 0.294818 0.354374
0.289317 0.26495 0.554267
0.297523 0.180958 0.478481
0.152143 0.444362 0.596504
0.238292 0.0849101 0.323202
0.304865 0.262874 0.567738
0.309463 0.298098 0.607561
0.116828 0.414904 0.531732
0.0350451 0.0494187 0.0844638
0.461864 0.0848248 0.546689
0.240867 0.112745 0.353612
0.413385 0.145414 0.558799
0.178597 0.439139 0.617735
0.172125 0.407454 0.57958
0.329573 0.0181637 0.347737
0.128734 0.389129 0.517863
0.312982 0.418052 0.731034
0.154078 0.110505 0.264583
0.0990103 0.306221 0.405231
0.0548663 0.337303 0.392169
0.391131 0.359731 0.750862
0.100176 0.200594 0.30077
0.157829 0.217004 0.374833
0.115498 0.192874 0.308372
0.266423 0.0773619 0.343785
0.277699 0.00728967 0.284989
0.190107 0.191084 0.381191
0.152704 0.368704 0.521408
0.130222 0.324829 0.455052
0.276158 0.459795 0.735954
0.342993 0.404893 0.747886
0.348924 0.155975 0.504899
0.322945 0.00300239 0.325947
0.26648 0.421955 0.688435
0.309223 0.321346 0.63057
0.259257 0.200355 0.459612
0.181077 0.359434 0.540511
0.400948 0.338906 0.739855
0.0764379 0.0164463 0.0928842
0.0317803 0.342861 0.374641
0.0938082 0.309479 0.403287
0.350151 0.283916 0.634066
0.00056274 0.00285457 0.00341731
0.152619 0.130785 0.283405
0.327684 0.428778 0.756462
0.0905806 0.170677 0.261258
0.33367 0.439505 0.773175
0.326652 0.156615 0.483267
0.442507 0.0931324 0.535639
0.0785696 0.25173 0.3303
0.414479 0.337827 0.752306
0.452085 0.0955558 0.547641
0.197261 0.353033 0.550294
0.434462 0.273699 0.708161
0.36948 0.466242 0.835722
0.116559 0.463288 0.579847
0.275721 0.46671 0.742431
0.247203 0.276284 0.523488
0.469565 0.399823 0.869387
0.407069 0.297249 0.704318
0.3286 0.49765 0.82625
0.467926 0.162271 0.630197
0.437155 0.294578 0.731733
0.318885 0.379662 0.698547
0.387711 0.397455 0.785166
0.131392 0.302189 0.433582
0.235282 0.0834773 0.318759
0.397745 0.432543 0.830288
0.436511 0.332207 0.768718
0.206241 0.30599 0.512232
0.29845 0.322801 0.62125
0.269278 0.074171 0.343449
0.289511 0.0164817 0.305992
0.350455 0.259075 0.609531
0.416305 0.257525 0.673829
0.056324 0.244905 0.301229
0.255175 0.0242498 0.279424
0.407176 0.192329 0.599505
0.318828 0.226061 0.544889
0.071991 0.206539 0.27853
0.123516 0.203383 0.3269
0.0087283 0.358798 0.367527
0.286861 0.406474 0.693334
0.291341 0.223371 0.514712
0.238681 0.497582 0.736263
0.0293616 0.0371302 0.0664918
0.320383 0.29864 0.619023
0.111301 0.109894 0.221195
0.315122 0.461756 0.776878
0.368969 0.231426 0.600395
0.219281 0.425293 0.644574
0.476331 0.474455 0.950787
0.449543 0.383507 0.83305
0.166785 0.268371 0.435156
0.109568 0.238776 0.348344
0.47491 0.233084 0.707994
0.442159 0.483638 0.925797
0.0918827 0.229019 0.320902
0.390112 0.383224 0.773336
0.452391 0.128793 0.581183
0.380806 0.481752 0.862559
0.165923 0.201189 0.367112
0.280392 0.277224 0.557616
0.311083 0.0955138 0.406597
0.23898 0.180053 0.419033
0.32694 0.458261 0.785201
0.105346 0.303271 0.408617
0.432717 0.0548888 0.487606
0.186778 0.0995014 0.286279
0.32326 0.296346 0.619606
0.338277 0.29817 0.636447
0.0294302 0.280436 0.309866
0.281809 0.121313 0.403122
0.00945538 0.171921 0.181376
0.00453672 0.461846 0.466383
0.300713 0.385343 0.686056
0.443599 0.466636 0.910235
0.0865323 0.223991 0.310523
0.24386 0.397616 0.641476
0.319505 0.482841 0.802345
0.0776682 0.146445 0.224113
0.441102 0.183014 0.624116
0.449716 0.373819 0.823535
0.237903 0.136494 0.374396
0.47332 0.0611629 0.534483
0.43284 0.311597 0.744437
0.359333 0.46227 0.821603
0.0920331 0.141142 0.233175
0.0835827 0.101488 0.185071
0.313063 0.0881194 0.401182
0.0633346 0.113776 0.177111
0.473462 0.00693313 0.480395
0.0804122 0.0599947 0.140407
0.230924 0.324273 0.555196
0.45761 0.0504285 0.508039
0.307113 0.0352785 0.342392
0.196873 0.248215 0.445089
0.218292 0.146589 0.364881
0.122034 0.456195 0.57823
0.283082 0.0953546 0.378437
0.0173582 0.215922 0.23328
0.406952 0.376691 0.783643
0.178192 0.498985 0.677176
0.0178332 0.261774 0.279607
0.100473 0.330896 0.431369
0.349894 0.163808 0.513702
0.444672 0.323356 0.768028
0.170741 0.0250839 0.195825
0.383351 0.401665 0.785016
0.349357 0.340961 0.690317
0.452094 0.15647 0.608563
0.376239 0.148967 0.525206
0.404685 0.0945318 0.499217
0.295555 0.0267197 0.322275
0.0507271 0.0786375 0.129365
0.122074 0.0680853 0.19016
0.294559 0.0290261 0.323585
0.444777 0.472751 0.917527
0.0280111 0.46261 0.490621
0.234525 0.128485 0.36301
0.293506 0.0844186 0.377924
0.292293 0.238177 0.53047
0.407774 0.463034 0.870808
0.263261 0.291125 0.554386
0.364699 0.112618 0.477317
0.132086 0.316792 0.448878
0.269088 0.00832529 0.277413
0.465759 0.173773 0.639532
0.102857 0.261314 0.364171
0.200493 0.153584 0.354077
0.339952 0.322567 0.662519
0.221669 0.134511 0.356181
0.351593 0.166446 0.518039
0.107262 0.379604 0.486866
0.129056 0.341787 0.470843
0.00808874 0.422561 0.43065
0.426206 0.300381 0.726587
0.160739 0.33398 0.494719
0.263415 0.424 0.687415
0.125105 0.128114 0.253219
0.0366178 0.257191 0.293809
0.444906 0.305705 0.750612
0.265516 0.410665 0.676182
0.479478 0.368373 0.847852
0.17198 0.179971 0.351951
0.0219577 0.0119316 0.0338893
0.0025381 0.243627 0.246165
0.146443 0.354131 0.500574
0.410073 0.253705 0.663778
0.233735 0.0391289 0.272864
0.0954918 0.241824 0.337316
0.46169 0.0216974 0.483388
0.0422055 0.122429 0.164635
0.355677 0.305621 0.661298
0.0464292 0.480783 0.527212
0.433735 0.083047 0.516782
0.237974 0.378641 0.616615
0.388752 0.00349006 0.392243
0.289306 0.368231 0.657537
0.371864 0.461286 0.83315
0.0482021 0.393821 0.442023
0.473218 0.0507402 0.523958
0.137448 0.11966 0.257109
0.404871 0.0475214 0.452393
0.373365 0.138607 0.511972
0.0866503 0.468857 0.555507
0.380431 0.0483407 0.428772
0.490554 0.422636 0.913191
0.17077 0.346232 0.517002
0.228257 0.217199 0.445456
0.327014 0.161992 0.489006
0.300246 0.064988 0.365234
0.0406325 0.188999 0.229631
0.0684781 0.329939 0.398417
0.0572295 0.440342 0.497571
0.291225 0.105432 0.396656
0.334163 0.264442 0.598605
0.156172 0.471611 0.627783
0.384103 0.0610431 0.445146
0.0191324 0.257468 0.2766
0.19965 0.105783 0.305433
0.226325 0.0800809 0.306406
0.154123 0.216879 0.371003
0.00271745 0.324893 0.327611
0.0631109 0.230975 0.294085
0.0420923 0.390125 0.432218
0.392966 0.342338 0.735305
0.455113 0.433599 0.888712
0.031337 0.0235913 0.0549283
0.263537 0.0885665 0.352104
0.463933 0.0547623 0.518695
0.193998 0.298096 0.492094
0.319205 0.35017 0.669375
0.269707 0.203308 0.473014
0.411213 0.288839 0.700052
0.460776 0.110863 0.571638
0.394622 0.1871 0.581722
0.190944 0.0487453 0.239689
0.40398 0.193661 0.597641
0.373639 0.467091 0.840729
0.424636 0.415731 0.840367
0.357216 0.317602 0.674818
0.258069 0.312329 0.570398
0.251201 0.289406 0.540607
0.33592 0.0147381 0.350658
0.377973 0.299853 0.677826
0.0695004 0.0719708 0.141471
0.0979489 0.388705 0.486654
0.422141 0.367656 0.789796
0.0920126 0.333354 0.425366
0.156495 0.0527882 0.209283
0.444216 0.0511166 0.495333
0.239889 0.13516 0.375049
0.0998619 0.143868 0.24373
0.328822 0.4735 0.802322
0.110959 0.253457 0.364416
0.389231 0.468175 0.857406
0.0710593 0.147301 0.21836
0.280504 0.32226 0.602764
0.436707 0.116424 0.553131
0.336998 0.31468 0.651678
0.416277 0.406498 0.822776
0.38665 0.0142263 0.400877
0.295204 0.308791 0.603995
0.381882 0.387216 0.769098
0.142145 0.0383767 0.180521
0.440004 0.0863611 0.526365
0.0894933 0.179893 0.269386
0.221521 0.189355 0.410877
0.323761 0.0503428 0.374104
0.162856 0.43472 0.597576
0.3038 0.0520871 0.355887
0.402894 0.374859 0.777754
0.199388 0.183398 0.382786
0.197119 0.136095 0.333214
0.299822 0.0341174 0.33394
0.450774 0.2161 0.666874
0.440616 0.337425 0.778041
0.230326 0.235819 0.466145
0.146216 0.112208 0.258424
0.123036 0.288361 0.411396
0.150584 0.06304 0.213624
0.374722 0.240078 0.614799
0.242933 0.0962429 0.339176
0.429433 0.066694 0.496127
0.146586 0.0922887 0.238874
0.0014139 0.450386 0.4518
0.144376 0.404308 0.548684
0.325245 0.343764 0.669009
0.0877066 0.0223647 0.110071
0.479858 0.387529 0.867387
0.0564821 0.430633 0.487115
0.103628 0.497098 0.600726
0.268057 0.333954 0.602011
0.232917 0.414273 0.647191
0.446162 0.355953 0.802115
0.202634 0.0967463 0.29938
0.418993 0.0773553 0.496348
0.336824 0.161926 0.49875
0.173598 0.266257 0.439855
0.22862 0.320184 0.548804
0.358546 0.230034 0.58858
0.27057 0.0029216 0.273491
0.134342 0.0958152 0.230157
0.346685 0.222049 0.568734
0.11818 0.326543 0.444723
0.109577 0.174662 0.284239
0.257176 0.213206 0.470382
0.17176 0.0252331 0.196993
0.0471599 0.404677 0.451837
0.439506 0.493322 0.932828
0.26063 0.14214 0.40277
0.0900682 0.179623 0.269692
0.219495 0.426892 0.646387
0.341549 0.393093 0.734643
0.193149 0.070169 0.263318
0.213277 0.0516951 0.264972
0.300203 0.483847 0.78405
0.0546167 0.434545 0.489162
0.0796622 0.401302 0.480964
0.156594 0.197842 0.354436
0.227845 0.266171 0.494016
0.372504 0.485021 0.857525
0.479377 0.0442642 0.523641
0.0102542 0.0265367 0.0367908
0.448942 0.44976 0.898702
0.0198585 0.209572 0.22943
0.0919004 0.109927 0.201827
0.389195 0.311396 0.700591
0.0368189 0.230744 0.267563
0.204489 0.229968 0.434457
0.300913 0.417766 0.71868
0.281663 0.101116 0.38278
0.401613 0.33628 0.737893
0.035661 0.481276 0.516937
0.237582 0.192255 0.429836
0.179118 0.465427 0.644545
0.458425 0.0516218 0.510047
0.450448 0.437802 0.88825
0.0958859 0.460702 0.556588
0.464339 0.0448275 0.509166
0.410463 0.484197 0.89466
0.254399 0.00236326 0.256763
0.094124 0.143595 0.237719
0.313759 0.130943 0.444702
0.374339 0.0182479 0.392587
0.360911 0.175253 0.536164
0.436014 0.142575 0.578589
0.276369 0.337628 0.613996
0.478855 0.31203 0.790884
0.318903 0.216437 0.53534
0.00428431 0.498021 0.502305
0.181864 0.46271 0.644574
0.0496426 0.132312 0.181954
0.400512 0.145528 0.54604
0.0930143 0.364851 0.457865
0.190356 0.00347709 0.193833
0.349048 0.444755 0.793804
0.00584035 0.443172 0.449013
0.0883502 0.319599 0.407949
0.0741151 0.462689 0.536804
0.337847 0.435026 0.772874
0.137942 0.273861 0.411803
0.0776009 0.414311 0.491912
0.111489 0.0564556 0.167945
0.226341 0.430392 0.656733
0.272892 0.230625 0.503517
0.428413 0.454756 0.883169
0.193335 0.478055 0.67139
0.0870679 0.0938466 0.180914
0.123584 0.180082 0.303666
0.458697 0.31394 0.772637
0.183559 0.307746 0.491305
0.258695 0.1894 0.448095
0.250918 0.347046 0.597963
0.00899884 0.325033 0.334032
0.309735 0.346846 0.656581
0.260059 0.447677 0.707736
0.120707 0.33766 0.458368
0.361988 0.232196 0.594184
0.394116 0.0883282 0.482444
0.162589 0.167008 0.329596
0.318953 0.0910014 0.409955
0.121764 0.0122877 0.134052
0.0690569 0.208832 0.277889
0.106134 0.192641 0.298775
0.388914 0.0648317 0.453746
0.00658073 0.0724731 0.0790538
0.372577 0.265276 0.637853
0.261873 0.123495 0.385368
0.112322 0.270872 0.383193
0.448528 0.422057 0.870584
0.117718 0.208587 0.326304
0.369733 0.238425 0.608158
0.0462469 0.231721 0.277968
0.470621 0.440363 0.910984
0.320049 0.13321 0.453259
0.10737 0.139002 0.246373
0.224211 0.229134 0.453346
0.15129 0.293268 0.444558
0.437966 0.257424 0.69539
0.485909 0.32688 0.812789
0.322256 0.49249 0.814746
0.399353 0.194833 0.594186
0.257766 0.161226 0.418992
0.318328 0.370088 0.688416
0.432097 0.266856 0.698953
0.292144 0.0498147 0.341959
0.475443 0.161877 0.63732
0.28824 0.0216895 0.309929
0.393598 0.258861 0.65246
0.462052 0.213648 0.6757
0.392071 0.0694225 0.461494
0.35265 0.116283 0.468932
0.298557 0.00394004 0.302497
0.409551 0.236523 0.646074
0.261364 0.39546 0.656824
0.0634026 0.0836205 0.147023
0.38795 0.462756 0.850705
0.278454 0.145716 0.424169
0.123981 0.096782 0.220763
0.0158032 0.0560783 0.0718815
0.363638 0.307947 0.671585
0.105893 0.33908 0.444973
0.469825 0.394133 0.863957
0.36077 0.363423 0.724193
0.152994 0.322822 0.475816
0.0770707 0.0450649 0.122136
0.392245 0.429721 0.821965
0.161347 0.190801 0.352149
0.433661 0.0708982 0.504559
0.427324 0.195025 0.622349
0.466358 0.490727 0.957085
0.278646 0.354308 0.632954
0.453482 0.0570996 0.510582
2.34388e-05 0.0774633 0.0774868
0.153882 0.0158266 0.169708
0.133542 0.0175195 0.151061
0.323774 0.239435 0.563208
0.3566 0.293599 0.650198
0.133567 0.21737 0.350937
0.157022 0.286561 0.443583
0.040192 0.234092 0.274284
0.331626 0.432437 0.764062
0.163813 0.492973 0.656786
0.123238 0.0974738 0.220712
0.0638714 0.0505619 0.114433
0.292499 0.0302294 0.322728
0.0412885 0.0711447 0.112433
0.384537 0.494771 0.879308
0.128244 0.384561 0.512805
0.072234 0.282126 0.35436
0.400387 0.205776 0.606163
0.299645 0.224161 0.523806
0.44521 0.156245 0.601455
0.0177596 0.0787773 0.096537
0.373615 0.174781 0.548397
0.365338 0.413807 0.779146
0.408874 0.196964 0.605838
0.346244 0.0726865 0.41893
0.189937 0.469482 0.659419
0.17016 0.253809 0.423969
0.0200435 0.462659 0.482703
0.284038 0.061332 0.34537
0.0338039 0.168575 0.202379
0.0561027 0.162048 0.218151
0.0531359 0.128337 0.181473
0.444174 0.453523 0.897697
0.334112 0.243819 0.577932
0.177684 0.279322 0.457007
0.400065 0.195444 0.595509
0.3581 0.27368 0.63178
0.370225 0.223438 0.593663
0.187487 0.279099 0.466586
0.420402 0.0337311 0.454133
0.351785 0.110339 0.462125
0.0032128 0.0219456 0.0251584
0.364148 0.0232563 0.387404
0.484605 0.148186 0.632791
0.0845884 0.0184088 0.102997
0.316761 0.140691 0.457452
0.180457 0.369897 0.550354
0.269028 0.124631 0.393659
0.32342 0.10314 0.42656
0.36845 0.00110461 0.369555
0.382462 0.268515 0.650977
0.196549 0.240562 0.437111
0.0421951 0.0667739 0.108969
0.464 0.229682 0.693682
0.345873 0.384402 0.730275
0.263413 0.197658 0.461072
0.494741 0.266626 0.761368
0.219604 0.358889 0.578493
0.289883 0.204209 0.494091
0.00707508 0.374471 0.381546
0.222617 0.323836 0.546453
0.015162 0.403074 0.418236
0.193733 0.28419 0.477923
0.0277053 0.0171534 0.0448587
0.38733 0.396156 0.783485
0.018258 0.269792 0.28805
0.164671 0.214807 0.379477
0.010354 0.206866 0.21722
0.281581 0.474354 0.755935
0.436548 0.127453 0.564001
0.358756 0.199962 0.558718
0.325111 0.353498 0.678609
0.466588 0.0447149 0.511303
0.212387 0.256471 0.468858
0.248923 0.219462 0.468385
0.130942 0.471541 0.602482
0.0432981 0.146104 0.189402
0.374615 0.237031 0.611646
0.430293 0.40232 0.832614
0.254185 0.317623 0.571808
0.298476 0.272443 0.570919
0.087415 0.463147 0.550562
0.487249 0.097769 0.585018
0.170013 0.26883 0.438843
0.0721231 0.106561 0.178684
0.396283 0.430879 0.827162
0.306523 0.221394 0.527917
0.284377 0.273111 0.557488
0.266109 0.496764 0.762873
0.0295817 0.0150326 0.0446142
0.216226 0.160523 0.376749
0.486573 0.259524 0.746097
0.306627 0.361188 0.667815
0.496555 0.23692 0.733476
0.263509 0.25074 0.514249
0.0545435 0.0619847 0.116528
0.0231826 0.141959 0.165141
0.0251316 0.010432 0.0355636
0.239728 0.195144 0.434872
0.279262 0.311851 0.591113
0.301706 0.175545 0.477251
0.24273 0.108228 0.350958
0.396939 0.027107 0.424046
0.381339 0.163048 0.544388
0.0238709 0.410921 0.434792
0.178081 0.240097 0.418178
0.0714444 0.164654 0.236099
0.499621 0.378071 0.877692
0.0258426 0.496176 0.522018
0.114992 0.289351 0.404343
0.246916 0.169535 0.416451
0.351336 0.270098 0.621434
0.311494 0.376468 0.687962
0.28053 0.0512214 0.331752
0.0716121 0.0597921 0.131404
0.363072 0.373318 0.73639
0.235337 0.105802 0.341139
0.481546 0.132276 0.613822
0.132909 0.362885 0.495795
0.295325 0.15678 0.452105
0.273806 0.473406 0.747212
0.396877 0.345251 0.742128
0.13806 0.396497 0.534557
0.223322 0.163903 0.387225
0.392673 0.338314 0.730987
0.453254 0.139589 0.592843
0.00784962 0.30459 0.312439
0.409687 0.319344 0.729031
0.181057 0.190217 0.371275
0.370565 0.252669 0.623234
0.250009 0.233637 0.483646
0.125987 0.485346 0.611333
0.339439 0.107533 0.446972
0.117623 0.472348 0.589971
0.470419 0.412947 0.883366
0.129128 0.244225 0.373353
0.386353 0.0260052 0.412358
0.0894759 0.0244129 0.113889
0.422502 0.312798 0.735301
0.188315 0.315176 0.503491
0.151112 0.141569 0.292682
0.454764 0.158962 0.613726
0.446159 0.364451 0.81061
0.478306 0.127216 0.605522
0.0546686 0.348871 0.403539
0.379886 0.304678 0.684564
0.0825076 0.00587265 0.0883802
0.290024 0.421947 0.711971
0.113406 0.407647 0.521053
0.394295 0.0838242 0.478119
0.320594 0.0234236 0.344018
0.328049 0.206947 0.534996
0.0494288 0.417525 0.466954
0.23136 0.471931 0.703291
0.230323 0.419675 0.649999
0.287107 0.381436 0.668542
0.0612445 0.241871 0.303116
0.0403976 0.00740345 0.0478011
0.106323 0.0187032 0.125026
0.13462 0.160991 0.295611
0.367574 0.0145053 0.382079
0.465669 0.450081 0.91575
0.020378 0.255693 0.276071
0.372028 0.133784 0.505812
0.16334 0.266323 0.429663
0.217608 0.483934 0.701542
0.289747 0.0456571 0.335404
0.190881 0.339176 0.530057
0.463182 0.422241 0.885423
0.311107 0.193505 0.504612
0.341916 0.0982139 0.44013
0.074941 0.403161 0.478102
0.340085 0.115339 0.455424
0.410564 0.446408 0.856972
0.134042 0.0451841 0.179226
0.107399 0.00161552 0.109014
0.0596894 0.0730677 0.132757
0.451697 0.0800673 0.531764
0.328761 0.323725 0.652486
0.213851 0.492101 0.705952
0.0900482 0.431459 0.521507
0.476035 0.379795 0.85583
0.477116 0.166916 0.644032
0.218971 0.440298 0.659269
0.089157 0.0300778 0.119235
0.133804 0.431073 0.564877
0.128292 0.208745 0.337036
0.334234 0.468377 0.802611
0.324083 0.244799 0.568882
0.414784 0.458125 0.87291
0.289983 0.022183 0.312166
0.459741 0.349672 0.809413
0.0952507 0.411438 0.506688
0.429739 0.424012 0.853751
0.235162 0.14359 0.378753
0.416112 0.325211 0.741323
0.0750494 0.392147 0.467197
0.205006 0.0521655 0.257171
0.0590632 0.423976 0.48304
0.492464 0.14822 0.640684
0.454054 0.126267 0.580322
0.0792935 0.082346 0.16164
0.335012 0.413528 0.74854
0.0507228 0.159095 0.209818
0.158326 0.465507 0.623834
0.117221 0.448309 0.56553
0.48769 0.0769614 0.564652
0.297981 0.0829409 0.380922
0.488399 0.227721 0.71612
0.00695246 0.223561 0.230514
0.371311 0.423065 0.794376
0.0487719 0.446361 0.495133
0.315212 0.253778 0.56899
0.498526 0.374275 0.872802
0.177754 0.49099 0.668744
0.0224955 0.131808 0.154304
0.117257 0.101789 0.219046
0.214154 0.452269 0.666424
0.0153168 0.264877 0.280194
0.111365 0.173643 0.285008
0.230384 0.228585 0.458969
0.121953 0.218074 0.340027
0.305547 0.419934 0.725481
0.301015 0.293946 0.594961
0.147655 0.307968 0.455622
0.0175069 0.018966 0.0364729
0.231033 0.0662788 0.297311
0.465327 0.0462446 0.511571
0.320056 0.463853 0.783909
0.42052 0.49781 0.91833
0.454843 0.443015 0.897858
0.129618 0.0721 0.201718
0.0448045 0.343773 0.388577
0.0243693 0.0601213 0.0844906
0.10865 0.135734 0.244384
0.233765 0.339034 0.572799
0.364319 0.355717 0.720036
0.0571082 0.169866 0.226974
0.275651 0.358123 0.633774
0.463812 0.423306 0.887117
0.166091 0.481318 0.647409
0.442272 0.397124 0.839395
0.0475972 0.407598 0.455196
0.443368 0.367654 0.811022
0.371451 0.363888 0.735339
0.365464 0.326294 0.691758
0.306904 0.495082 0.801986
0.398394 0.351708 0.750102
0.338855 0.422763 0.761618
0.411829 0.447505 0.859334
0.0584973 0.145594 0.204091
0.286539 0.422817 0.709355
0.00131129 0.343647 0.344958
0.0926824 0.276962 0.369645
0.20177 0.056494 0.258264
0.200268 0.367861 0.568129
0.0378124 0.14254 0.180352
0.264985 0.0854097 0.350395
0.0501382 0.208353 0.258491
0.453063 0.42159 0.874653
0.0722412 0.318527 0.390768
0.247884 0.379145 0.627028
0.313609 0.146278 0.459887
0.230853 0.152464 0.383317
0.069041 0.142682 0.211723
0.0999691 0.127538 0.227507
0.288276 0.386508 0.674784
0.0503547 0.289588 0.339943
0.230155 0.143037 0.373192
0.0665501 0.431925 0.498475
0.199531 0.266818 0.466349
0.299786 0.237344 0.53713
0.409358 0.0647712 0.474129
0.322753 0.459496 0.782249
0.273124 0.275816 0.548941
0.381086 0.345365 0.726451
0.0943434 0.128969 0.223313
0.22451 0.407953 0.632463
0.275247 0.455363 0.73061
0.060417 0.344288 0.404705
0.0980454 0.160386 0.258431
0.471826 0.386322 0.858148
0.0468938 0.0221809 0.0690748
0.17591 0.277049 0.452958
0.165218 0.24246 0.407678
0.208974 0.364749 0.573723
0.00927791 0.00875989 0.0180378
0.102093 0.418636 0.520729
0.0735311 0.424846 0.498377
0.378132 0.346655 0.724787
0.200663 0.259218 0.45988
0.192021 0.295006 0.487027
0.388187 0.416531 0.804718
0.202959 0.163434 0.366393
0.371894 0.263376 0.635269
0.00772193 0.469939 0.477661
0.423762 0.479548 0.90331
0.356261 0.470655 0.826917
0.00172904 0.0321708 0.0338998
0.247704 0.166947 0.414651
0.274631 0.456678 0.731308
0.0316964 0.283908 0.315605
0.465437 0.133789 0.599227
0.202544 0.0389685 0.241513
0.0586353 0.0806764 0.139312
0.385624 0.259298 0.644922
0.339894 0.0776445 0.417539
0.0543038 0.228081 0.282385
0.494175 0.257262 0.751438
0.391515 0.366069 0.757584
0.020638 0.399237 0.419875
0.336008 0.4444 0.780408
0.378785 0.19227 0.571055
0.415055 0.380514 0.795569
0.22444 0.162759 0.3872
0.0474615 0.499071 0.546532
0.119437 0.0791579 0.198595
0.282979 0.0848741 0.367853
0.212947 0.485524 0.698471
0.123843 0.271582 0.395425
0.0662001 0.00946645 0.0756666
0.0308803 0.406094 0.436975
0.0871109 0.0851841 0.172295
0.134176 0.0812862 0.215462
0.342447 0.0256908 0.368137
0.447355 0.363085 0.81044
0.424928 0.283364 0.708292
0.307484 0.303713 0.611197
0.475633 0.222539 0.698173
0.184228 0.200074 0.384301
0.385298 0.231689 0.616987
0.199145 0.00473507 0.20388
0.310847 0.482124 0.792971
0.0896092 0.0237941 0.113403
0.467648 0.213452 0.6811
0.295377 0.033848 0.329225
0.222918 0.326257 0.549175
0.439942 0.310029 0.749971
0.411441 0.0741178 0.485559
0.391315 0.253887 0.645203
0.0998086 0.338671 0.438479
0.116972 0.0247366 0.141709
0.122035 0.424456 0.546491
0.32845 0.0976682 0.426118
0.146995 0.0126775 0.159673
0.297742 0.0322938 0.330036
0.244367 0.496887 0.741254
0.0370289 0.0552135 0.0922424
0.479011 0.126638 0.605649
0.0790076 0.446659 0.525667
0.34009 0.374384 0.714474
0.480507 0.0630081 0.543515
0.200641 0.420449 0.62109
0.373037 0.112082 0.485119
0.494567 0.264353 0.75892
0.365969 0.0943758 0.460345
0.103024 0.482941 0.585965
0.119112 0.225058 0.344171
0.407397 0.447562 0.85496
0.322727 0.0543926 0.377119
0.46024 0.120469 0.580708
0.0866864 0.204606 0.291293
0.117356 0.123715 0.241071
0.25982 0.0963668 0.356187
0.250353 0.338827 0.589181